4294967278,46
4294967278,45
4294967278,44
4294967278,43
4294967278,42
4294967278,62
4294967278,61
4294967278,60
4294967278,59
4294967278,58
4294967278,57
4294967278,56
4294967278,55
4294967278,54
4294967278,53
4294967278,52
4294967278,51
4294967278,50
4294967278,49
4294967278,48
4294967278,47
4294967278,260
4294967279,260
4294967279,89
4294967279,87
4294967279,84
4294967279,83
4294967279,82
4294967279,80
4294967279,79
4294967279,77
4294967279,74
4294967279,72
4294967279,71
4294967279,70
4294967279,69
4294967279,67
4294967279,64
4294967279,63
4294967279,62
4294967279,61
4294967279,59
4294967279,56
4294967279,54
4294967279,53
4294967279,52
4294967279,51
4294967279,49
4294967279,48
4294967279,46
4294967279,43
4294967279,42
4294967279,37
4294967279,31
4294967279,29
4294967279,27
4294967279,26
4294967279,41
4294967279,444
4294967279,40
4294967279,298
4294967279,466
4294967279,39
4294967279,465
4294967278,406
4294967279,35
4294967279,402
4294967279,146
4294967279,462
4294967279,145
4294967279,32
4294967279,144
4294967279,294
4294967279,143
4294967279,30
4294967279,401
4294967279,140
163,5
4294967279,139
163,4
163,3
163,2
163,1
4294967279,279
4294967279,277
4294967278,405
4294967279,290
4294967279,282
4294967279,283
4294967279,274
4294967279,455
4294967279,272
4294967279,271
162,4
162,3
162,2
162,1
4294967279,270
4294967279,268
4294967294,409
4294967294,407
4294967294,154
4294967294,421
4294967294,178
4294967294,168
4294967294,1076
4294967294,384
4294967294,111
4294967294,113
4294967294,456
4294967279,464
4294967279,397
4294967279,265
4294967278,404
4294967278,346
4294967279,264
4294967279,396
4294967279,263
4294967279,395
4294967279,284
4294967279,259
161,5
161,4
4294967279,258
161,3
161,2
161,1
4294967278,331
4294967294,388
4294967294,387
4294967278,330
4294967278,396
4294967278,355
4294967278,328
4294967278,384
4294967278,327
4294967278,377
4294967278,253
4294967278,250
4294967278,252
4294967278,251
4294967278,248
4294967278,246
4294967278,244
4294967278,242
4294967278,240
4294967278,238
4294967278,237
4294967278,236
157,4
157,2
157,1
4294967278,234
4294967278,232
4294967278,230
156,4
156,3
156,2
156,1
4294967278,228
4294967294,393
4294967294,120
4294967278,226
4294967278,224
155,4
155,3
155,2
155,1
4294967278,222
4294967278,221
4294967294,390
4294967294,469
4294967294,1067
4294967278,399
4294967278,217
4294967279,458
4294967279,410
4294967279,0
4294967278,215
4294967278,353
4294967278,352
4294967278,351
4294967278,350
4294967278,375
4294967278,383
4294967294,439
4294967294,165
4294967294,166
4294967294,1418
4294967294,173
4294967294,1080
4294967294,1
4294967294,270
4294967294,264
4294967294,392
4294967294,389
4294967294,115
4294967294,114
4294967294,76
4294967294,9
4294967294,44
4294967294,29
4294967294,92
4294967294,91
4294967294,88
4294967294,87
4294967294,85
4294967294,84
4294967294,83
4294967294,129
4294967294,155
4294967294,158
4294967294,470
4294967294,53
4294967294,51
4294967294,52
4294967294,45
4294967294,43
4294967294,40
4294967294,41
4294967294,38
4294967294,37
4294967294,267
4294967279,24
4294967279,21
4294967279,20
4294967279,19
4294967279,18
4294967279,17
4294967279,14
4294967279,13
4294967279,12
4294967279,9
4294967278,347
4294967279,438
4294967278,374
4294967279,416
4294967278,132
4294967278,131
4294967278,130
4294967278,129
4294967278,128
4294967278,127
4294967278,126
4294967278,125
4294967278,124
4294967278,123
4294967278,122
4294967278,121
4294967278,120
4294967278,119
4294967278,118
4294967278,117
4294967278,116
4294967278,115
4294967278,114
4294967278,113
4294967278,112
4294967278,111
4294967278,110
4294967278,109
4294967278,108
4294967278,107
4294967278,106
4294967278,105
4294967278,104
4294967278,103
4294967278,102
4294967278,101
4294967278,100
4294967278,99
4294967278,98
4294967278,97
4294967278,96
4294967278,95
4294967278,94
4294967278,93
4294967278,92
4294967278,91
4294967278,90
4294967278,85
4294967278,83
4294967278,82
4294967278,79
4294967278,77
4294967278,75
4294967278,74
4294967278,73
4294967278,72
4294967278,71
4294967278,67
4294967278,65
4294967278,63
4294967278,0
4294967279,75
4294967279,73
4294967279,68
4294967279,66
4294967279,60
4294967279,57
4294967279,55
4294967279,50
4294967279,44
4294967279,38
4294967279,36
4294967279,34
4294967279,33
4294967279,28
4294967279,25
4294967279,457
4294967279,23
4294967279,134
4294967279,22
4294967279,398
4294967279,16
4294967279,15
4294967279,286
4294967279,11
4294967279,10
4294967279,8
4294967279,7
4294967279,261
4294967279,6
4294967279,275
4294967279,5
